{
  "nbformat": 4,
  "nbformat_minor": 0,
  "metadata": {
    "colab": {
      "provenance": []
    },
    "kernelspec": {
      "name": "python3",
      "display_name": "Python 3"
    },
    "language_info": {
      "name": "python"
    }
  },
  "cells": [
    {
      "cell_type": "code",
      "execution_count": 90,
      "metadata": {
        "id": "BTzHG6yLjZ5-"
      },
      "outputs": [],
      "source": [
        "import numpy as np\n",
        "import pandas as pd\n",
        "import matplotlib.pyplot as plt\n",
        "import scipy.stats as stats\n",
        "    \n",
        "df = pd.read_csv('/content/a.csv') "
      ]
    },
    {
      "cell_type": "code",
      "source": [
        "df.corr(method='pearson')"
      ],
      "metadata": {
        "colab": {
          "base_uri": "https://localhost:8080/",
          "height": 521
        },
        "id": "snbtgqZsg-S2",
        "outputId": "d2bb0c98-0e7d-4e86-af94-2d666b192ede"
      },
      "execution_count": 91,
      "outputs": [
        {
          "output_type": "execute_result",
          "data": {
            "text/plain": [
              "                  Radiojavan_play  Radiojavan_likes  popularity  danceability  \\\n",
              "Radiojavan_play          1.000000          0.899199    0.393051      0.139250   \n",
              "Radiojavan_likes         0.899199          1.000000    0.386314      0.104122   \n",
              "popularity               0.393051          0.386314    1.000000      0.030307   \n",
              "danceability             0.139250          0.104122    0.030307      1.000000   \n",
              "energy                   0.152239          0.091210   -0.009942      0.406512   \n",
              "loudness                 0.134389          0.091314   -0.047609      0.262377   \n",
              "speechiness              0.093916          0.066407    0.093199      0.169025   \n",
              "acousticness            -0.040669          0.035668    0.033059     -0.486365   \n",
              "instrumentalness        -0.028063         -0.028265   -0.037324     -0.124771   \n",
              "liveness                 0.142855          0.079356    0.020714      0.023998   \n",
              "valence                  0.198707          0.093013    0.045831      0.432599   \n",
              "tempo                   -0.023297         -0.033798   -0.100284     -0.137369   \n",
              "duration_ms             -0.103482         -0.031757    0.055893     -0.129133   \n",
              "\n",
              "                    energy  loudness  speechiness  acousticness  \\\n",
              "Radiojavan_play   0.152239  0.134389     0.093916     -0.040669   \n",
              "Radiojavan_likes  0.091210  0.091314     0.066407      0.035668   \n",
              "popularity       -0.009942 -0.047609     0.093199      0.033059   \n",
              "danceability      0.406512  0.262377     0.169025     -0.486365   \n",
              "energy            1.000000  0.724982     0.307914     -0.501349   \n",
              "loudness          0.724982  1.000000     0.189409     -0.318227   \n",
              "speechiness       0.307914  0.189409     1.000000     -0.216391   \n",
              "acousticness     -0.501349 -0.318227    -0.216391      1.000000   \n",
              "instrumentalness -0.275518 -0.495795    -0.064755      0.145500   \n",
              "liveness          0.202328  0.138974     0.131482     -0.186237   \n",
              "valence           0.533743  0.368717     0.241614     -0.208721   \n",
              "tempo             0.071591  0.056946     0.175428     -0.100038   \n",
              "duration_ms      -0.205042 -0.305398    -0.047655      0.192942   \n",
              "\n",
              "                  instrumentalness  liveness   valence     tempo  duration_ms  \n",
              "Radiojavan_play          -0.028063  0.142855  0.198707 -0.023297    -0.103482  \n",
              "Radiojavan_likes         -0.028265  0.079356  0.093013 -0.033798    -0.031757  \n",
              "popularity               -0.037324  0.020714  0.045831 -0.100284     0.055893  \n",
              "danceability             -0.124771  0.023998  0.432599 -0.137369    -0.129133  \n",
              "energy                   -0.275518  0.202328  0.533743  0.071591    -0.205042  \n",
              "loudness                 -0.495795  0.138974  0.368717  0.056946    -0.305398  \n",
              "speechiness              -0.064755  0.131482  0.241614  0.175428    -0.047655  \n",
              "acousticness              0.145500 -0.186237 -0.208721 -0.100038     0.192942  \n",
              "instrumentalness          1.000000 -0.052704 -0.129611  0.030419     0.007235  \n",
              "liveness                 -0.052704  1.000000  0.113134  0.011946    -0.083608  \n",
              "valence                  -0.129611  0.113134  1.000000  0.002797    -0.185513  \n",
              "tempo                     0.030419  0.011946  0.002797  1.000000    -0.069958  \n",
              "duration_ms               0.007235 -0.083608 -0.185513 -0.069958     1.000000  "
            ],
            "text/html": [
              "\n",
              "  <div id=\"df-542658ad-7ef4-4b3f-b45a-4fae07a11191\">\n",
              "    <div class=\"colab-df-container\">\n",
              "      <div>\n",
              "<style scoped>\n",
              "    .dataframe tbody tr th:only-of-type {\n",
              "        vertical-align: middle;\n",
              "    }\n",
              "\n",
              "    .dataframe tbody tr th {\n",
              "        vertical-align: top;\n",
              "    }\n",
              "\n",
              "    .dataframe thead th {\n",
              "        text-align: right;\n",
              "    }\n",
              "</style>\n",
              "<table border=\"1\" class=\"dataframe\">\n",
              "  <thead>\n",
              "    <tr style=\"text-align: right;\">\n",
              "      <th></th>\n",
              "      <th>Radiojavan_play</th>\n",
              "      <th>Radiojavan_likes</th>\n",
              "      <th>popularity</th>\n",
              "      <th>danceability</th>\n",
              "      <th>energy</th>\n",
              "      <th>loudness</th>\n",
              "      <th>speechiness</th>\n",
              "      <th>acousticness</th>\n",
              "      <th>instrumentalness</th>\n",
              "      <th>liveness</th>\n",
              "      <th>valence</th>\n",
              "      <th>tempo</th>\n",
              "      <th>duration_ms</th>\n",
              "    </tr>\n",
              "  </thead>\n",
              "  <tbody>\n",
              "    <tr>\n",
              "      <th>Radiojavan_play</th>\n",
              "      <td>1.000000</td>\n",
              "      <td>0.899199</td>\n",
              "      <td>0.393051</td>\n",
              "      <td>0.139250</td>\n",
              "      <td>0.152239</td>\n",
              "      <td>0.134389</td>\n",
              "      <td>0.093916</td>\n",
              "      <td>-0.040669</td>\n",
              "      <td>-0.028063</td>\n",
              "      <td>0.142855</td>\n",
              "      <td>0.198707</td>\n",
              "      <td>-0.023297</td>\n",
              "      <td>-0.103482</td>\n",
              "    </tr>\n",
              "    <tr>\n",
              "      <th>Radiojavan_likes</th>\n",
              "      <td>0.899199</td>\n",
              "      <td>1.000000</td>\n",
              "      <td>0.386314</td>\n",
              "      <td>0.104122</td>\n",
              "      <td>0.091210</td>\n",
              "      <td>0.091314</td>\n",
              "      <td>0.066407</td>\n",
              "      <td>0.035668</td>\n",
              "      <td>-0.028265</td>\n",
              "      <td>0.079356</td>\n",
              "      <td>0.093013</td>\n",
              "      <td>-0.033798</td>\n",
              "      <td>-0.031757</td>\n",
              "    </tr>\n",
              "    <tr>\n",
              "      <th>popularity</th>\n",
              "      <td>0.393051</td>\n",
              "      <td>0.386314</td>\n",
              "      <td>1.000000</td>\n",
              "      <td>0.030307</td>\n",
              "      <td>-0.009942</td>\n",
              "      <td>-0.047609</td>\n",
              "      <td>0.093199</td>\n",
              "      <td>0.033059</td>\n",
              "      <td>-0.037324</td>\n",
              "      <td>0.020714</td>\n",
              "      <td>0.045831</td>\n",
              "      <td>-0.100284</td>\n",
              "      <td>0.055893</td>\n",
              "    </tr>\n",
              "    <tr>\n",
              "      <th>danceability</th>\n",
              "      <td>0.139250</td>\n",
              "      <td>0.104122</td>\n",
              "      <td>0.030307</td>\n",
              "      <td>1.000000</td>\n",
              "      <td>0.406512</td>\n",
              "      <td>0.262377</td>\n",
              "      <td>0.169025</td>\n",
              "      <td>-0.486365</td>\n",
              "      <td>-0.124771</td>\n",
              "      <td>0.023998</td>\n",
              "      <td>0.432599</td>\n",
              "      <td>-0.137369</td>\n",
              "      <td>-0.129133</td>\n",
              "    </tr>\n",
              "    <tr>\n",
              "      <th>energy</th>\n",
              "      <td>0.152239</td>\n",
              "      <td>0.091210</td>\n",
              "      <td>-0.009942</td>\n",
              "      <td>0.406512</td>\n",
              "      <td>1.000000</td>\n",
              "      <td>0.724982</td>\n",
              "      <td>0.307914</td>\n",
              "      <td>-0.501349</td>\n",
              "      <td>-0.275518</td>\n",
              "      <td>0.202328</td>\n",
              "      <td>0.533743</td>\n",
              "      <td>0.071591</td>\n",
              "      <td>-0.205042</td>\n",
              "    </tr>\n",
              "    <tr>\n",
              "      <th>loudness</th>\n",
              "      <td>0.134389</td>\n",
              "      <td>0.091314</td>\n",
              "      <td>-0.047609</td>\n",
              "      <td>0.262377</td>\n",
              "      <td>0.724982</td>\n",
              "      <td>1.000000</td>\n",
              "      <td>0.189409</td>\n",
              "      <td>-0.318227</td>\n",
              "      <td>-0.495795</td>\n",
              "      <td>0.138974</td>\n",
              "      <td>0.368717</td>\n",
              "      <td>0.056946</td>\n",
              "      <td>-0.305398</td>\n",
              "    </tr>\n",
              "    <tr>\n",
              "      <th>speechiness</th>\n",
              "      <td>0.093916</td>\n",
              "      <td>0.066407</td>\n",
              "      <td>0.093199</td>\n",
              "      <td>0.169025</td>\n",
              "      <td>0.307914</td>\n",
              "      <td>0.189409</td>\n",
              "      <td>1.000000</td>\n",
              "      <td>-0.216391</td>\n",
              "      <td>-0.064755</td>\n",
              "      <td>0.131482</td>\n",
              "      <td>0.241614</td>\n",
              "      <td>0.175428</td>\n",
              "      <td>-0.047655</td>\n",
              "    </tr>\n",
              "    <tr>\n",
              "      <th>acousticness</th>\n",
              "      <td>-0.040669</td>\n",
              "      <td>0.035668</td>\n",
              "      <td>0.033059</td>\n",
              "      <td>-0.486365</td>\n",
              "      <td>-0.501349</td>\n",
              "      <td>-0.318227</td>\n",
              "      <td>-0.216391</td>\n",
              "      <td>1.000000</td>\n",
              "      <td>0.145500</td>\n",
              "      <td>-0.186237</td>\n",
              "      <td>-0.208721</td>\n",
              "      <td>-0.100038</td>\n",
              "      <td>0.192942</td>\n",
              "    </tr>\n",
              "    <tr>\n",
              "      <th>instrumentalness</th>\n",
              "      <td>-0.028063</td>\n",
              "      <td>-0.028265</td>\n",
              "      <td>-0.037324</td>\n",
              "      <td>-0.124771</td>\n",
              "      <td>-0.275518</td>\n",
              "      <td>-0.495795</td>\n",
              "      <td>-0.064755</td>\n",
              "      <td>0.145500</td>\n",
              "      <td>1.000000</td>\n",
              "      <td>-0.052704</td>\n",
              "      <td>-0.129611</td>\n",
              "      <td>0.030419</td>\n",
              "      <td>0.007235</td>\n",
              "    </tr>\n",
              "    <tr>\n",
              "      <th>liveness</th>\n",
              "      <td>0.142855</td>\n",
              "      <td>0.079356</td>\n",
              "      <td>0.020714</td>\n",
              "      <td>0.023998</td>\n",
              "      <td>0.202328</td>\n",
              "      <td>0.138974</td>\n",
              "      <td>0.131482</td>\n",
              "      <td>-0.186237</td>\n",
              "      <td>-0.052704</td>\n",
              "      <td>1.000000</td>\n",
              "      <td>0.113134</td>\n",
              "      <td>0.011946</td>\n",
              "      <td>-0.083608</td>\n",
              "    </tr>\n",
              "    <tr>\n",
              "      <th>valence</th>\n",
              "      <td>0.198707</td>\n",
              "      <td>0.093013</td>\n",
              "      <td>0.045831</td>\n",
              "      <td>0.432599</td>\n",
              "      <td>0.533743</td>\n",
              "      <td>0.368717</td>\n",
              "      <td>0.241614</td>\n",
              "      <td>-0.208721</td>\n",
              "      <td>-0.129611</td>\n",
              "      <td>0.113134</td>\n",
              "      <td>1.000000</td>\n",
              "      <td>0.002797</td>\n",
              "      <td>-0.185513</td>\n",
              "    </tr>\n",
              "    <tr>\n",
              "      <th>tempo</th>\n",
              "      <td>-0.023297</td>\n",
              "      <td>-0.033798</td>\n",
              "      <td>-0.100284</td>\n",
              "      <td>-0.137369</td>\n",
              "      <td>0.071591</td>\n",
              "      <td>0.056946</td>\n",
              "      <td>0.175428</td>\n",
              "      <td>-0.100038</td>\n",
              "      <td>0.030419</td>\n",
              "      <td>0.011946</td>\n",
              "      <td>0.002797</td>\n",
              "      <td>1.000000</td>\n",
              "      <td>-0.069958</td>\n",
              "    </tr>\n",
              "    <tr>\n",
              "      <th>duration_ms</th>\n",
              "      <td>-0.103482</td>\n",
              "      <td>-0.031757</td>\n",
              "      <td>0.055893</td>\n",
              "      <td>-0.129133</td>\n",
              "      <td>-0.205042</td>\n",
              "      <td>-0.305398</td>\n",
              "      <td>-0.047655</td>\n",
              "      <td>0.192942</td>\n",
              "      <td>0.007235</td>\n",
              "      <td>-0.083608</td>\n",
              "      <td>-0.185513</td>\n",
              "      <td>-0.069958</td>\n",
              "      <td>1.000000</td>\n",
              "    </tr>\n",
              "  </tbody>\n",
              "</table>\n",
              "</div>\n",
              "      <button class=\"colab-df-convert\" onclick=\"convertToInteractive('df-542658ad-7ef4-4b3f-b45a-4fae07a11191')\"\n",
              "              title=\"Convert this dataframe to an interactive table.\"\n",
              "              style=\"display:none;\">\n",
              "        \n",
              "  <svg xmlns=\"http://www.w3.org/2000/svg\" height=\"24px\"viewBox=\"0 0 24 24\"\n",
              "       width=\"24px\">\n",
              "    <path d=\"M0 0h24v24H0V0z\" fill=\"none\"/>\n",
              "    <path d=\"M18.56 5.44l.94 2.06.94-2.06 2.06-.94-2.06-.94-.94-2.06-.94 2.06-2.06.94zm-11 1L8.5 8.5l.94-2.06 2.06-.94-2.06-.94L8.5 2.5l-.94 2.06-2.06.94zm10 10l.94 2.06.94-2.06 2.06-.94-2.06-.94-.94-2.06-.94 2.06-2.06.94z\"/><path d=\"M17.41 7.96l-1.37-1.37c-.4-.4-.92-.59-1.43-.59-.52 0-1.04.2-1.43.59L10.3 9.45l-7.72 7.72c-.78.78-.78 2.05 0 2.83L4 21.41c.39.39.9.59 1.41.59.51 0 1.02-.2 1.41-.59l7.78-7.78 2.81-2.81c.8-.78.8-2.07 0-2.86zM5.41 20L4 18.59l7.72-7.72 1.47 1.35L5.41 20z\"/>\n",
              "  </svg>\n",
              "      </button>\n",
              "      \n",
              "  <style>\n",
              "    .colab-df-container {\n",
              "      display:flex;\n",
              "      flex-wrap:wrap;\n",
              "      gap: 12px;\n",
              "    }\n",
              "\n",
              "    .colab-df-convert {\n",
              "      background-color: #E8F0FE;\n",
              "      border: none;\n",
              "      border-radius: 50%;\n",
              "      cursor: pointer;\n",
              "      display: none;\n",
              "      fill: #1967D2;\n",
              "      height: 32px;\n",
              "      padding: 0 0 0 0;\n",
              "      width: 32px;\n",
              "    }\n",
              "\n",
              "    .colab-df-convert:hover {\n",
              "      background-color: #E2EBFA;\n",
              "      box-shadow: 0px 1px 2px rgba(60, 64, 67, 0.3), 0px 1px 3px 1px rgba(60, 64, 67, 0.15);\n",
              "      fill: #174EA6;\n",
              "    }\n",
              "\n",
              "    [theme=dark] .colab-df-convert {\n",
              "      background-color: #3B4455;\n",
              "      fill: #D2E3FC;\n",
              "    }\n",
              "\n",
              "    [theme=dark] .colab-df-convert:hover {\n",
              "      background-color: #434B5C;\n",
              "      box-shadow: 0px 1px 3px 1px rgba(0, 0, 0, 0.15);\n",
              "      filter: drop-shadow(0px 1px 2px rgba(0, 0, 0, 0.3));\n",
              "      fill: #FFFFFF;\n",
              "    }\n",
              "  </style>\n",
              "\n",
              "      <script>\n",
              "        const buttonEl =\n",
              "          document.querySelector('#df-542658ad-7ef4-4b3f-b45a-4fae07a11191 button.colab-df-convert');\n",
              "        buttonEl.style.display =\n",
              "          google.colab.kernel.accessAllowed ? 'block' : 'none';\n",
              "\n",
              "        async function convertToInteractive(key) {\n",
              "          const element = document.querySelector('#df-542658ad-7ef4-4b3f-b45a-4fae07a11191');\n",
              "          const dataTable =\n",
              "            await google.colab.kernel.invokeFunction('convertToInteractive',\n",
              "                                                     [key], {});\n",
              "          if (!dataTable) return;\n",
              "\n",
              "          const docLinkHtml = 'Like what you see? Visit the ' +\n",
              "            '<a target=\"_blank\" href=https://colab.research.google.com/notebooks/data_table.ipynb>data table notebook</a>'\n",
              "            + ' to learn more about interactive tables.';\n",
              "          element.innerHTML = '';\n",
              "          dataTable['output_type'] = 'display_data';\n",
              "          await google.colab.output.renderOutput(dataTable, element);\n",
              "          const docLink = document.createElement('div');\n",
              "          docLink.innerHTML = docLinkHtml;\n",
              "          element.appendChild(docLink);\n",
              "        }\n",
              "      </script>\n",
              "    </div>\n",
              "  </div>\n",
              "  "
            ]
          },
          "metadata": {},
          "execution_count": 91
        }
      ]
    },
    {
      "cell_type": "code",
      "source": [
        "df = df.drop(columns=['Radiojavan_play', 'energy'])\n",
        "df.corr(method='pearson')"
      ],
      "metadata": {
        "colab": {
          "base_uri": "https://localhost:8080/",
          "height": 458
        },
        "id": "M_LRmkZpire_",
        "outputId": "0c0aa024-bc78-4fb5-f52e-4c81add6d2dd"
      },
      "execution_count": 92,
      "outputs": [
        {
          "output_type": "execute_result",
          "data": {
            "text/plain": [
              "                  Radiojavan_likes  popularity  danceability  loudness  \\\n",
              "Radiojavan_likes          1.000000    0.386314      0.104122  0.091314   \n",
              "popularity                0.386314    1.000000      0.030307 -0.047609   \n",
              "danceability              0.104122    0.030307      1.000000  0.262377   \n",
              "loudness                  0.091314   -0.047609      0.262377  1.000000   \n",
              "speechiness               0.066407    0.093199      0.169025  0.189409   \n",
              "acousticness              0.035668    0.033059     -0.486365 -0.318227   \n",
              "instrumentalness         -0.028265   -0.037324     -0.124771 -0.495795   \n",
              "liveness                  0.079356    0.020714      0.023998  0.138974   \n",
              "valence                   0.093013    0.045831      0.432599  0.368717   \n",
              "tempo                    -0.033798   -0.100284     -0.137369  0.056946   \n",
              "duration_ms              -0.031757    0.055893     -0.129133 -0.305398   \n",
              "\n",
              "                  speechiness  acousticness  instrumentalness  liveness  \\\n",
              "Radiojavan_likes     0.066407      0.035668         -0.028265  0.079356   \n",
              "popularity           0.093199      0.033059         -0.037324  0.020714   \n",
              "danceability         0.169025     -0.486365         -0.124771  0.023998   \n",
              "loudness             0.189409     -0.318227         -0.495795  0.138974   \n",
              "speechiness          1.000000     -0.216391         -0.064755  0.131482   \n",
              "acousticness        -0.216391      1.000000          0.145500 -0.186237   \n",
              "instrumentalness    -0.064755      0.145500          1.000000 -0.052704   \n",
              "liveness             0.131482     -0.186237         -0.052704  1.000000   \n",
              "valence              0.241614     -0.208721         -0.129611  0.113134   \n",
              "tempo                0.175428     -0.100038          0.030419  0.011946   \n",
              "duration_ms         -0.047655      0.192942          0.007235 -0.083608   \n",
              "\n",
              "                   valence     tempo  duration_ms  \n",
              "Radiojavan_likes  0.093013 -0.033798    -0.031757  \n",
              "popularity        0.045831 -0.100284     0.055893  \n",
              "danceability      0.432599 -0.137369    -0.129133  \n",
              "loudness          0.368717  0.056946    -0.305398  \n",
              "speechiness       0.241614  0.175428    -0.047655  \n",
              "acousticness     -0.208721 -0.100038     0.192942  \n",
              "instrumentalness -0.129611  0.030419     0.007235  \n",
              "liveness          0.113134  0.011946    -0.083608  \n",
              "valence           1.000000  0.002797    -0.185513  \n",
              "tempo             0.002797  1.000000    -0.069958  \n",
              "duration_ms      -0.185513 -0.069958     1.000000  "
            ],
            "text/html": [
              "\n",
              "  <div id=\"df-5e412dff-150e-4e64-9f65-6f524cba0a5b\">\n",
              "    <div class=\"colab-df-container\">\n",
              "      <div>\n",
              "<style scoped>\n",
              "    .dataframe tbody tr th:only-of-type {\n",
              "        vertical-align: middle;\n",
              "    }\n",
              "\n",
              "    .dataframe tbody tr th {\n",
              "        vertical-align: top;\n",
              "    }\n",
              "\n",
              "    .dataframe thead th {\n",
              "        text-align: right;\n",
              "    }\n",
              "</style>\n",
              "<table border=\"1\" class=\"dataframe\">\n",
              "  <thead>\n",
              "    <tr style=\"text-align: right;\">\n",
              "      <th></th>\n",
              "      <th>Radiojavan_likes</th>\n",
              "      <th>popularity</th>\n",
              "      <th>danceability</th>\n",
              "      <th>loudness</th>\n",
              "      <th>speechiness</th>\n",
              "      <th>acousticness</th>\n",
              "      <th>instrumentalness</th>\n",
              "      <th>liveness</th>\n",
              "      <th>valence</th>\n",
              "      <th>tempo</th>\n",
              "      <th>duration_ms</th>\n",
              "    </tr>\n",
              "  </thead>\n",
              "  <tbody>\n",
              "    <tr>\n",
              "      <th>Radiojavan_likes</th>\n",
              "      <td>1.000000</td>\n",
              "      <td>0.386314</td>\n",
              "      <td>0.104122</td>\n",
              "      <td>0.091314</td>\n",
              "      <td>0.066407</td>\n",
              "      <td>0.035668</td>\n",
              "      <td>-0.028265</td>\n",
              "      <td>0.079356</td>\n",
              "      <td>0.093013</td>\n",
              "      <td>-0.033798</td>\n",
              "      <td>-0.031757</td>\n",
              "    </tr>\n",
              "    <tr>\n",
              "      <th>popularity</th>\n",
              "      <td>0.386314</td>\n",
              "      <td>1.000000</td>\n",
              "      <td>0.030307</td>\n",
              "      <td>-0.047609</td>\n",
              "      <td>0.093199</td>\n",
              "      <td>0.033059</td>\n",
              "      <td>-0.037324</td>\n",
              "      <td>0.020714</td>\n",
              "      <td>0.045831</td>\n",
              "      <td>-0.100284</td>\n",
              "      <td>0.055893</td>\n",
              "    </tr>\n",
              "    <tr>\n",
              "      <th>danceability</th>\n",
              "      <td>0.104122</td>\n",
              "      <td>0.030307</td>\n",
              "      <td>1.000000</td>\n",
              "      <td>0.262377</td>\n",
              "      <td>0.169025</td>\n",
              "      <td>-0.486365</td>\n",
              "      <td>-0.124771</td>\n",
              "      <td>0.023998</td>\n",
              "      <td>0.432599</td>\n",
              "      <td>-0.137369</td>\n",
              "      <td>-0.129133</td>\n",
              "    </tr>\n",
              "    <tr>\n",
              "      <th>loudness</th>\n",
              "      <td>0.091314</td>\n",
              "      <td>-0.047609</td>\n",
              "      <td>0.262377</td>\n",
              "      <td>1.000000</td>\n",
              "      <td>0.189409</td>\n",
              "      <td>-0.318227</td>\n",
              "      <td>-0.495795</td>\n",
              "      <td>0.138974</td>\n",
              "      <td>0.368717</td>\n",
              "      <td>0.056946</td>\n",
              "      <td>-0.305398</td>\n",
              "    </tr>\n",
              "    <tr>\n",
              "      <th>speechiness</th>\n",
              "      <td>0.066407</td>\n",
              "      <td>0.093199</td>\n",
              "      <td>0.169025</td>\n",
              "      <td>0.189409</td>\n",
              "      <td>1.000000</td>\n",
              "      <td>-0.216391</td>\n",
              "      <td>-0.064755</td>\n",
              "      <td>0.131482</td>\n",
              "      <td>0.241614</td>\n",
              "      <td>0.175428</td>\n",
              "      <td>-0.047655</td>\n",
              "    </tr>\n",
              "    <tr>\n",
              "      <th>acousticness</th>\n",
              "      <td>0.035668</td>\n",
              "      <td>0.033059</td>\n",
              "      <td>-0.486365</td>\n",
              "      <td>-0.318227</td>\n",
              "      <td>-0.216391</td>\n",
              "      <td>1.000000</td>\n",
              "      <td>0.145500</td>\n",
              "      <td>-0.186237</td>\n",
              "      <td>-0.208721</td>\n",
              "      <td>-0.100038</td>\n",
              "      <td>0.192942</td>\n",
              "    </tr>\n",
              "    <tr>\n",
              "      <th>instrumentalness</th>\n",
              "      <td>-0.028265</td>\n",
              "      <td>-0.037324</td>\n",
              "      <td>-0.124771</td>\n",
              "      <td>-0.495795</td>\n",
              "      <td>-0.064755</td>\n",
              "      <td>0.145500</td>\n",
              "      <td>1.000000</td>\n",
              "      <td>-0.052704</td>\n",
              "      <td>-0.129611</td>\n",
              "      <td>0.030419</td>\n",
              "      <td>0.007235</td>\n",
              "    </tr>\n",
              "    <tr>\n",
              "      <th>liveness</th>\n",
              "      <td>0.079356</td>\n",
              "      <td>0.020714</td>\n",
              "      <td>0.023998</td>\n",
              "      <td>0.138974</td>\n",
              "      <td>0.131482</td>\n",
              "      <td>-0.186237</td>\n",
              "      <td>-0.052704</td>\n",
              "      <td>1.000000</td>\n",
              "      <td>0.113134</td>\n",
              "      <td>0.011946</td>\n",
              "      <td>-0.083608</td>\n",
              "    </tr>\n",
              "    <tr>\n",
              "      <th>valence</th>\n",
              "      <td>0.093013</td>\n",
              "      <td>0.045831</td>\n",
              "      <td>0.432599</td>\n",
              "      <td>0.368717</td>\n",
              "      <td>0.241614</td>\n",
              "      <td>-0.208721</td>\n",
              "      <td>-0.129611</td>\n",
              "      <td>0.113134</td>\n",
              "      <td>1.000000</td>\n",
              "      <td>0.002797</td>\n",
              "      <td>-0.185513</td>\n",
              "    </tr>\n",
              "    <tr>\n",
              "      <th>tempo</th>\n",
              "      <td>-0.033798</td>\n",
              "      <td>-0.100284</td>\n",
              "      <td>-0.137369</td>\n",
              "      <td>0.056946</td>\n",
              "      <td>0.175428</td>\n",
              "      <td>-0.100038</td>\n",
              "      <td>0.030419</td>\n",
              "      <td>0.011946</td>\n",
              "      <td>0.002797</td>\n",
              "      <td>1.000000</td>\n",
              "      <td>-0.069958</td>\n",
              "    </tr>\n",
              "    <tr>\n",
              "      <th>duration_ms</th>\n",
              "      <td>-0.031757</td>\n",
              "      <td>0.055893</td>\n",
              "      <td>-0.129133</td>\n",
              "      <td>-0.305398</td>\n",
              "      <td>-0.047655</td>\n",
              "      <td>0.192942</td>\n",
              "      <td>0.007235</td>\n",
              "      <td>-0.083608</td>\n",
              "      <td>-0.185513</td>\n",
              "      <td>-0.069958</td>\n",
              "      <td>1.000000</td>\n",
              "    </tr>\n",
              "  </tbody>\n",
              "</table>\n",
              "</div>\n",
              "      <button class=\"colab-df-convert\" onclick=\"convertToInteractive('df-5e412dff-150e-4e64-9f65-6f524cba0a5b')\"\n",
              "              title=\"Convert this dataframe to an interactive table.\"\n",
              "              style=\"display:none;\">\n",
              "        \n",
              "  <svg xmlns=\"http://www.w3.org/2000/svg\" height=\"24px\"viewBox=\"0 0 24 24\"\n",
              "       width=\"24px\">\n",
              "    <path d=\"M0 0h24v24H0V0z\" fill=\"none\"/>\n",
              "    <path d=\"M18.56 5.44l.94 2.06.94-2.06 2.06-.94-2.06-.94-.94-2.06-.94 2.06-2.06.94zm-11 1L8.5 8.5l.94-2.06 2.06-.94-2.06-.94L8.5 2.5l-.94 2.06-2.06.94zm10 10l.94 2.06.94-2.06 2.06-.94-2.06-.94-.94-2.06-.94 2.06-2.06.94z\"/><path d=\"M17.41 7.96l-1.37-1.37c-.4-.4-.92-.59-1.43-.59-.52 0-1.04.2-1.43.59L10.3 9.45l-7.72 7.72c-.78.78-.78 2.05 0 2.83L4 21.41c.39.39.9.59 1.41.59.51 0 1.02-.2 1.41-.59l7.78-7.78 2.81-2.81c.8-.78.8-2.07 0-2.86zM5.41 20L4 18.59l7.72-7.72 1.47 1.35L5.41 20z\"/>\n",
              "  </svg>\n",
              "      </button>\n",
              "      \n",
              "  <style>\n",
              "    .colab-df-container {\n",
              "      display:flex;\n",
              "      flex-wrap:wrap;\n",
              "      gap: 12px;\n",
              "    }\n",
              "\n",
              "    .colab-df-convert {\n",
              "      background-color: #E8F0FE;\n",
              "      border: none;\n",
              "      border-radius: 50%;\n",
              "      cursor: pointer;\n",
              "      display: none;\n",
              "      fill: #1967D2;\n",
              "      height: 32px;\n",
              "      padding: 0 0 0 0;\n",
              "      width: 32px;\n",
              "    }\n",
              "\n",
              "    .colab-df-convert:hover {\n",
              "      background-color: #E2EBFA;\n",
              "      box-shadow: 0px 1px 2px rgba(60, 64, 67, 0.3), 0px 1px 3px 1px rgba(60, 64, 67, 0.15);\n",
              "      fill: #174EA6;\n",
              "    }\n",
              "\n",
              "    [theme=dark] .colab-df-convert {\n",
              "      background-color: #3B4455;\n",
              "      fill: #D2E3FC;\n",
              "    }\n",
              "\n",
              "    [theme=dark] .colab-df-convert:hover {\n",
              "      background-color: #434B5C;\n",
              "      box-shadow: 0px 1px 3px 1px rgba(0, 0, 0, 0.15);\n",
              "      filter: drop-shadow(0px 1px 2px rgba(0, 0, 0, 0.3));\n",
              "      fill: #FFFFFF;\n",
              "    }\n",
              "  </style>\n",
              "\n",
              "      <script>\n",
              "        const buttonEl =\n",
              "          document.querySelector('#df-5e412dff-150e-4e64-9f65-6f524cba0a5b button.colab-df-convert');\n",
              "        buttonEl.style.display =\n",
              "          google.colab.kernel.accessAllowed ? 'block' : 'none';\n",
              "\n",
              "        async function convertToInteractive(key) {\n",
              "          const element = document.querySelector('#df-5e412dff-150e-4e64-9f65-6f524cba0a5b');\n",
              "          const dataTable =\n",
              "            await google.colab.kernel.invokeFunction('convertToInteractive',\n",
              "                                                     [key], {});\n",
              "          if (!dataTable) return;\n",
              "\n",
              "          const docLinkHtml = 'Like what you see? Visit the ' +\n",
              "            '<a target=\"_blank\" href=https://colab.research.google.com/notebooks/data_table.ipynb>data table notebook</a>'\n",
              "            + ' to learn more about interactive tables.';\n",
              "          element.innerHTML = '';\n",
              "          dataTable['output_type'] = 'display_data';\n",
              "          await google.colab.output.renderOutput(dataTable, element);\n",
              "          const docLink = document.createElement('div');\n",
              "          docLink.innerHTML = docLinkHtml;\n",
              "          element.appendChild(docLink);\n",
              "        }\n",
              "      </script>\n",
              "    </div>\n",
              "  </div>\n",
              "  "
            ]
          },
          "metadata": {},
          "execution_count": 92
        }
      ]
    },
    {
      "cell_type": "markdown",
      "source": [
        "Removed two attributes 'play' and 'energy'. 'Radiojavan_play' had a correlation of approx 0.9 with 'Radiojavan_likes' thus it can be removed. \n",
        "Also attribute 'energy' had a correlation of 0.7 with loudness. "
      ],
      "metadata": {
        "id": "p2Rry8kRkEe0"
      }
    }
  ]
}